000000000000000000000000000100000
000000001100000000000000000101000
000000000100000000000000000110000
000000000101000000000000000000000
000000000011000000000000000000000
000000000000000000000001100000000
000000000000000000000001010000000
000000000000000000000000100000000
000000000000000000000000000000000
000000000000000000000000000000000
000000000000000000000000000001100
000000000010000000000000000001010
000000000010100000000000000000010
000000000011100000000000011000011
000000000000100000000000010100000
000000000000000000000000000100000
000000000000000000000000000110000
000000000000000000000000000000000
000000000000000000000000000000000
001100000000000000000000000000000
010100000000000000000000000000000
010000000000000000000000000000000
110000000000000000000000000000000